thread
0
timeout detected: 1
timeout interval: 0.005180835723876953
win size: 1
1
retransmission: 1
2
2
timeout detected: 3
timeout interval: 0.009935451671481133
win size: 2
2
retransmission: 3
3
4
5
6
6
6
triple detected (send_base, ack): 7 6
win size: 5
6
retransmission_triple: 7
6
7
8
9
10
11
12
13
14
15
15
15
triple detected (send_base, ack): 16 15
win size: 9
retransmission_triple: 16
15
15
15
15
15
15
15
16
17
18
19
20
21
22
23
24
25
26
27
28
29
30
31
32
33
33
33
33
triple detected (send_base, ack): 34 33
win size: 19
retransmission_triple: 34
33
33
33
33
33
33
33
33
33
33
33
33
33
33
33
34
35
36
37
38
39
40
41
42
43
44
45
46
47
48
49
50
51
52
53
54
55
56
57
58
59
60
61
62
63
64
65
66
67
68
69
70
70
70
triple detected (send_base, ack): 71 70
win size: 37
70
retransmission_triple: 71
70
70
70
70
70
70
70
70
70
70
70
70
70
70
70
70
70
70
70
70
70
70
71
72
73
74
75
76
77
78
79
80
81
82
83
84
85
86
87
88
89
90
91
92
93
94
95
96
97
98
99
100
101
102
103
104
105
106
107
108
109
110
111
112
113
114
115
116
117
118
119
120
121
122
123
124
125
126
127
128
129
130
131
132
133
134
135
136
137
138
139
140
141
142
143
143
143
triple detected (send_base, ack): 144 143
win size: 68
retransmission_triple: 144
143
143
143
143
143
143
143
143
143
143
143
143
143
143
143
143
143
143
143
143
143
143
143
143
143
143
143
144
145
146
147
148
149
150
151
152
153
154
155
156
157
158
159
160
161
162
163
164
165
166
167
168
169
170
171
172
173
174
175
176
177
178
179
180
181
182
183
184
185
186
187
188
189
190
191
192
193
194
195
196
197
198
199
200
201
202
203
204
205
206
207
208
209
210
211
212
213
214
215
216
217
218
219
220
221
222
223
224
225
226
227
228
229
230
231
232
233
234
235
236
237
238
239
240
241
242
243
244
245
246
247
248
249
250
251
252
253
254
255
256
257
258
259
260
261
262
263
264
265
266
267
268
269
270
271
272
273
274
275
276
277
278
278
278
triple detected (send_base, ack): 279 278
win size: 116
retransmission_triple: 279
278
278
278
278
278
278
278
278
278
278
278
278
278
278
278
278
278
278
278
278
278
278
278
278
278
278
278
278
278
278
278
278
278
278
278
278
278
278
278
278
278
278
278
278
278
278
278
278
278
278
278
278
278
278
278
278
278
279
280
281
282
283
284
285
286
287
288
289
290
291
292
293
294
295
296
297
298
299
300
301
302
303
304
305
306
307
308
309
310
311
312
313
314
315
316
317
318
319
320
321
322
323
324
325
326
327
328
329
330
331
332
333
334
335
336
337
338
339
340
341
342
343
344
345
346
347
348
349
350
351
352
353
354
355
356
357
358
359
360
361
362
363
364
365
366
367
368
369
370
371
372
373
374
375
376
377
378
379
380
381
382
383
384
385
386
387
388
389
390
391
392
393
394
395
396
397
446
447
448
449
450
451
452
453
454
455
456
457
458
459
460
461
462
463
464
465
466
467
468
469
470
471
472
473
474
475
476
477
478
479
480
481
482
483
484
485
486
487
488
489
490
491
492
493
494
495
496
497
498
499
500
501
502
503
504
505
506
507
508
509
510
510
510
510
triple detected (send_base, ack): 511 510
win size: 180
retransmission_triple: 511
510
510
510
510
510
510
510
510
510
510
510
510
510
510
510
510
510
510
510
510
510
510
510
510
510
510
510
510
510
510
510
510
510
510
510
510
510
510
510
510
510
510
510
510
510
510
510
510
510
510
510
510
510
510
510
timeout detected: 511
timeout interval: 0.012910109466647881
win size: 118
retransmission: 511
510
510
510
510
510
510
510
510
510
510
510
510
510
510
510
510
510
513
513
513
triple detected (send_base, ack): 514 513
win size: 69
513
retransmission_triple: 514
513
513
513
513
513
513
513
513
513
513
513
513
513
513
513
513
513
513
513
513
513
513
timeout detected: 514
timeout interval: 0.0017879291490540531
win size: 46
retransmission: 514
513
513
513
513
513
513
513
513
513
513
513
513
513
timeout detected: 514
timeout interval: 0.001621488504139584
win size: 30
retransmission: 514
513
513
513
513
513
513
513
513
timeout detected: 514
timeout interval: 0.009308218424805387
win size: 19
retransmission: 514
513
513
513
513
513
timeout detected: 514
timeout interval: 0.015493511279474532
win size: 12
retransmission: 514
513
513
513
513
513
513
513
513
513
513
513
513
513
513
513
513
513
513
513
513
513
513
513
513
513
513
513
513
513
513
513
513
513
513
513
513
513
513
513
513
513
513
513
513
513
513
513
513
513
513
513
513
513
513
513
513
513
513
513
513
513
513
513
513
513
513
513
513
513
513
513
513
513
513
513
513
513
513
513
513
513
513
513
513
513
513
513
513
513
513
513
514
515
516
517
518
519
520
520
520
triple detected (send_base, ack): 521 520
win size: 56
retransmission_triple: 521
520
520
520
520
520
520
520
520
520
520
520
521
522
522
522
522
triple detected (send_base, ack): 523 522
win size: 36
retransmission_triple: 523
522
522
522
522
522
522
522
523
524
524
524
524
triple detected (send_base, ack): 525 524
win size: 24
retransmission_triple: 525
524
524
524
524
524
524
524
524
524
524
524
524
524
524
524
524
524
524
524
524
524
524
524
524
524
524
524
524
524
524
524
524
524
524
524
524
524
524
524
524
524
524
524
524
524
524
524
524
524
524
524
524
524
524
524
524
524
524
524
524
524
524
524
524
524
524
524
524
524
524
524
524
524
524
524
524
524
524
524
524
524
524
524
524
524
524
524
524
524
524
524
524
524
524
524
524
524
524
524
524
524
524
524
524
524
524
524
524
524
524
524
524
524
524
524
524
524
524
524
524
524
524
524
524
524
524
524
524
524
524
524
524
524
524
524
524
524
524
524
524
524
524
525
526
527
528
529
530
530
530
530
triple detected (send_base, ack): 531 530
win size: 88
retransmission_triple: 531
530
530
530
530
530
530
530
531
532
532
532
532
triple detected (send_base, ack): 533 532
win size: 50
retransmission_triple: 533
532
532
532
532
532
532
532
532
532
532
533
534
534
534
534
triple detected (send_base, ack): 535 534
win size: 33
retransmission_triple: 535
534
534
534
534
534
534
534
534
534
534
534
534
534
534
534
534
534
534
534
534
534
534
534
534
534
534
534
534
534
534
534
534
534
534
534
534
534
534
534
534
534
534
534
534
534
534
534
534
534
534
534
534
534
534
534
534
534
534
534
534
534
534
534
534
534
534
534
534
534
534
534
534
534
534
534
534
534
534
534
534
534
534
534
534
534
534
534
534
534
534
534
534
534
534
534
534
534
534
534
534
534
534
534
534
534
534
534
534
534
534
534
534
534
534
534
534
534
534
534
534
534
534
534
534
534
534
534
534
534
534
534
534
534
534
534
534
534
534
534
534
534
534
534
534
534
534
534
534
534
534
534
534
535
536
537
538
539
540
541
541
541
triple detected (send_base, ack): 542 541
win size: 97
retransmission_triple: 542
541
541
541
541
541
541
541
542
543
544
545
545
545
545
triple detected (send_base, ack): 546 545
win size: 56
retransmission_triple: 546
545
545
545
545
545
545
545
545
545
545
545
545
545
545
545
545
545
545
545
545
545
545
545
545
545
545
545
545
545
545
545
545
545
545
545
545
545
545
545
545
545
545
545
545
545
545
545
545
545
545
545
545
545
545
545
545
545
545
545
545
545
545
545
545
545
545
545
545
545
545
545
545
545
545
545
545
545
545
545
545
545
545
545
545
545
545
545
545
545
545
545
545
545
545
545
545
545
545
545
545
545
545
545
545
545
545
545
545
545
545
545
545
545
545
545
545
545
545
545
545
545
545
545
545
545
545
545
545
545
545
545
545
545
545
545
545
545
545
545
545
545
545
545
545
545
545
545
545
545
545
545
545
545
545
545
545
545
545
545
545
546
547
548
549
550
551
552
552
552
triple detected (send_base, ack): 553 552
win size: 113
retransmission_triple: 553
552
552
552
552
552
552
552
552
552
552
552
552
552
552
552
552
552
552
552
552
552
552
552
552
552
552
552
552
552
552
552
552
552
552
552
552
552
552
552
552
552
552
552
552
552
552
552
552
552
552
552
552
552
552
552
552
552
552
552
552
552
552
552
552
552
552
552
552
552
552
552
552
552
552
552
552
552
552
552
552
552
552
552
552
552
552
552
552
552
552
552
552
552
552
552
552
552
552
552
552
552
552
552
552
552
552
552
552
552
552
552
552
552
552
552
552
552
552
552
552
552
552
552
552
552
552
552
552
552
552
552
552
552
552
552
552
552
552
552
552
552
552
552
552
552
552
552
552
552
552
552
552
552
552
552
552
552
552
552
552
553
554
555
556
557
558
559
560
561
562
563
563
563
triple detected (send_base, ack): 564 563
win size: 143
retransmission_triple: 564
563
563
563
563
563
563
563
563
563
563
563
563
563
563
563
563
563
563
563
563
563
563
563
563
563
563
563
563
563
563
563
563
563
563
563
563
563
563
563
563
563
563
563
563
563
563
563
563
563
563
563
563
563
563
563
563
563
563
563
563
563
563
563
563
563
563
563
563
563
563
563
563
563
563
563
563
563
563
563
563
563
563
563
563
563
563
563
563
563
563
563
563
563
563
563
563
563
563
563
563
563
563
563
563
563
563
563
563
563
563
563
563
563
563
563
563
563
563
563
563
563
563
563
563
563
563
563
563
563
563
563
563
563
563
563
563
563
563
563
563
563
563
563
563
563
563
563
563
563
563
563
563
563
564
565
566
567
568
569
570
571
572
573
574
574
574
triple detected (send_base, ack): 575 574
win size: 155
574
retransmission_triple: 575
574
574
574
574
574
574
574
574
574
574
574
574
574
574
574
574
574
574
574
574
574
574
574
574
574
574
574
574
574
574
574
574
574
574
574
574
574
574
574
574
574
574
574
574
574
574
574
574
574
574
574
574
574
574
574
574
574
574
574
574
574
574
574
574
574
574
574
574
574
574
574
574
574
574
574
574
574
574
574
574
574
574
574
574
574
574
574
574
574
574
574
574
574
574
574
574
574
574
574
574
574
574
574
574
574
574
574
574
574
574
574
574
574
574
574
574
574
574
574
574
574
574
574
574
574
574
574
574
574
574
574
574
574
574
574
574
574
575
576
577
578
579
580
581
582
583
584
585
585
585
triple detected (send_base, ack): 586 585
win size: 153
retransmission_triple: 586
585
585
585
585
585
585
585
585
585
585
585
585
585
585
585
585
585
585
585
585
585
585
585
585
585
585
585
585
585
585
585
585
585
585
585
585
585
585
585
585
585
585
585
585
585
585
585
585
585
585
585
585
585
585
585
585
585
585
585
585
585
585
585
585
585
585
585
585
585
585
585
585
585
585
585
585
585
585
585
585
585
585
585
585
585
585
585
585
585
585
585
585
585
585
585
585
585
585
585
585
585
585
585
585
585
585
585
585
585
585
585
585
585
585
585
586
587
588
589
590
591
592
593
594
595
596
596
596
triple detected (send_base, ack): 597 596
win size: 141
retransmission_triple: 597
596
596
596
596
596
596
596
596
596
596
596
596
596
596
596
596
596
596
596
596
596
596
596
596
596
596
596
596
596
596
596
596
596
596
596
596
596
596
596
596
596
596
596
596
596
596
596
596
596
596
596
596
596
596
596
596
596
596
596
596
596
596
596
596
596
596
596
596
596
596
596
596
596
596
596
596
596
596
596
596
596
596
596
596
596
596
596
596
596
596
596
596
596
596
596
597
598
599
600
601
602
603
604
605
606
607
607
607
triple detected (send_base, ack): 608 607
win size: 125
retransmission_triple: 608
607
607
607
607
607
607
607
607
607
607
607
607
607
607
607
607
607
607
607
607
607
607
607
607
607
607
607
607
607
607
607
607
607
607
607
607
607
607
607
607
607
607
607
607
607
607
607
607
607
607
607
607
607
607
607
607
607
607
607
607
607
607
607
607
607
607
607
607
607
607
607
607
607
607
607
607
608
609
610
611
612
613
614
615
616
617
618
618
618
triple detected (send_base, ack): 619 618
win size: 107
retransmission_triple: 619
618
618
618
618
618
618
618
618
618
618
618
618
618
618
618
618
618
618
618
618
618
618
618
618
618
618
618
618
618
618
618
618
618
618
618
618
618
618
618
618
618
618
618
618
618
618
618
618
618
618
618
618
618
618
618
618
618
618
618
618
618
618
618
618
619
620
621
622
623
624
625
626
627
628
629
629
629
triple detected (send_base, ack): 630 629
win size: 92
retransmission_triple: 630
629
629
629
629
629
629
629
629
629
629
629
629
629
629
629
629
629
629
629
629
629
629
629
629
629
629
629
629
629
629
629
629
629
629
629
629
629
629
629
629
629
629
629
629
629
629
629
629
629
629
629
629
629
629
629
630
631
632
633
634
635
636
637
638
639
640
640
640
triple detected (send_base, ack): 641 640
win size: 80
retransmission_triple: 641
640
640
640
640
640
640
640
640
640
640
640
640
640
640
640
640
640
640
640
640
640
640
640
640
640
640
640
640
640
640
640
640
640
640
640
640
640
640
640
640
640
640
640
640
640
640
640
640
640
641
642
643
644
645
646
647
648
649
650
651
651
651
triple detected (send_base, ack): 652 651
win size: 71
retransmission_triple: 652
651
651
651
651
651
651
651
651
651
651
651
651
651
651
651
651
651
651
651
651
651
651
651
651
651
651
651
651
651
651
651
651
651
651
651
651
651
651
651
651
651
651
651
651
651
651
651
651
651
651
652
653
654
655
656
657
658
659
660
661
662
662
662
triple detected (send_base, ack): 663 662
win size: 67
retransmission_triple: 663
662
662
662
662
662
662
662
662
662
662
662
662
662
662
662
662
662
662
662
662
662
662
662
662
662
662
662
662
662
662
662
662
662
662
662
662
662
662
662
662
662
662
662
662
662
662
662
662
662
662
662
662
662
662
662
662
663
664
665
666
667
668
669
670
671
672
673
673
673
triple detected (send_base, ack): 674 673
win size: 68
retransmission_triple: 674
673
673
673
673
673
673
673
673
673
673
673
673
673
673
673
673
673
673
673
673
673
673
673
673
673
673
673
673
673
673
673
673
673
673
673
673
673
673
673
673
673
673
673
673
673
673
673
673
673
673
673
673
673
673
673
673
673
673
674
675
676
677
678
679
680
681
682
683
684
684
684
triple detected (send_base, ack): 685 684
win size: 70
retransmission_triple: 685
684
684
684
684
684
684
684
684
684
684
684
684
684
684
684
684
684
684
684
684
684
684
684
684
684
684
684
684
684
684
684
684
684
684
684
684
684
684
684
684
684
684
684
684
684
684
684
684
684
684
684
684
684
684
684
684
684
684
684
684
684
685
686
687
688
689
690
691
692
693
694
695
695
695
triple detected (send_base, ack): 696 695
win size: 72
retransmission_triple: 696
695
695
695
695
695
695
695
695
695
695
695
695
695
695
695
695
695
695
695
695
695
695
695
695
695
695
695
695
695
695
695
695
695
695
695
695
695
695
695
695
695
695
695
695
695
695
695
695
695
695
695
695
695
695
695
695
695
695
695
695
695
695
695
696
697
698
699
700
701
702
703
704
705
706
706
706
triple detected (send_base, ack): 707 706
win size: 74
retransmission_triple: 707
706
706
706
706
706
706
706
706
706
706
706
706
706
706
706
706
706
706
706
706
706
706
706
706
706
706
706
706
706
706
706
706
706
706
706
706
706
706
706
706
706
706
706
706
706
706
706
706
706
706
706
706
706
706
706
706
706
706
706
706
706
706
706
706
706
706
707
708
709
710
711
712
713
714
715
716
717
717
717
triple detected (send_base, ack): 718 717
win size: 77
retransmission_triple: 718
717
717
717
717
717
717
717
717
717
717
717
717
717
717
717
717
717
717
717
717
717
717
717
717
717
717
717
717
717
717
717
717
717
717
717
717
717
717
717
717
717
717
717
717
717
717
717
717
717
717
717
717
717
717
717
717
717
717
717
717
717
717
717
717
717
717
717
718
719
720
721
722
723
724
725
726
727
728
728
728
triple detected (send_base, ack): 729 728
win size: 79
retransmission_triple: 729
728
728
728
728
728
728
728
728
728
728
728
728
728
728
728
728
728
728
728
728
728
728
728
728
728
728
728
728
728
728
728
728
728
728
728
728
728
728
728
728
728
728
728
728
728
728
728
728
728
728
728
728
728
728
728
728
728
728
728
728
728
728
728
728
728
728
728
728
729
730
731
732
733
734
735
736
737
738
739
739
739
triple detected (send_base, ack): 740 739
win size: 80
retransmission_triple: 740
739
739
739
739
739
739
739
739
739
739
739
739
739
739
739
739
739
739
739
739
739
739
739
739
739
739
739
739
739
739
739
739
739
739
739
739
739
739
739
739
739
739
739
739
739
739
739
739
739
739
739
739
739
739
739
739
739
739
739
739
739
739
739
739
739
739
739
739
739
739
740
741
742
743
744
745
746
747
748
749
750
750
750
triple detected (send_base, ack): 751 750
win size: 82
750
retransmission_triple: 751
750
750
750
750
750
750
750
750
750
750
750
750
750
750
750
750
750
750
750
750
750
750
750
750
750
750
750
750
750
750
750
750
750
750
750
750
750
750
750
750
750
750
750
750
750
750
750
750
750
750
750
750
750
750
750
750
750
750
750
750
750
750
750
750
750
750
750
750
750
750
750
750
750
751
752
753
754
755
756
757
758
759
760
761
761
761
triple detected (send_base, ack): 762 761
win size: 85
retransmission_triple: 762
761
761
761
761
761
761
761
761
761
761
761
761
761
761
761
761
761
761
761
761
761
761
761
761
761
761
761
761
761
761
761
761
761
761
761
761
761
761
761
761
761
761
761
761
761
761
761
761
761
761
761
761
761
761
761
761
761
761
761
761
761
761
761
761
761
761
761
761
761
761
761
761
761
761
761
761
762
763
764
765
766
767
768
769
770
771
771
771
771
triple detected (send_base, ack): 772 771
win size: 87
retransmission_triple: 772
771
771
771
771
771
771
771
771
771
771
771
771
771
771
771
771
771
771
771
771
771
771
771
771
771
771
771
771
771
771
771
771
771
771
771
771
771
771
771
771
771
771
771
771
771
771
771
771
771
771
771
771
771
771
771
771
771
771
771
771
771
771
771
771
771
771
771
771
771
771
771
771
771
771
771
771
771
772
773
774
775
776
777
778
779
780
781
781
781
781
triple detected (send_base, ack): 782 781
win size: 89
retransmission_triple: 782
781
781
781
781
781
781
781
781
781
781
781
781
781
781
781
781
781
781
781
781
781
781
781
781
781
781
781
781
781
781
781
781
781
781
781
781
781
781
781
781
781
781
781
781
781
781
781
781
781
781
781
781
781
781
781
781
781
781
781
781
781
781
781
781
781
781
781
781
781
781
781
781
782
783
784
785
786
787
788
789
790
791
792
792
792
triple detected (send_base, ack): 793 792
win size: 87
retransmission_triple: 793
792
792
792
792
792
792
792
792
792
792
792
792
792
792
792
792
792
792
792
792
792
792
792
792
792
792
792
792
792
792
792
792
792
792
792
792
792
792
792
792
792
792
792
792
792
792
792
792
792
792
792
792
792
792
792
792
792
792
792
792
792
792
792
792
792
792
792
792
792
792
793
794
795
796
797
798
799
800
801
802
803
803
803
triple detected (send_base, ack): 804 803
win size: 85
retransmission_triple: 804
803
803
803
803
803
803
803
803
803
803
803
803
803
803
803
803
803
803
803
803
803
803
803
803
803
803
803
803
803
803
803
803
803
803
803
803
803
803
803
803
803
803
803
803
803
803
803
803
803
803
803
803
803
803
803
803
803
803
803
803
803
803
803
803
803
803
804
805
806
807
808
809
810
811
812
813
814
814
814
triple detected (send_base, ack): 815 814
win size: 82
retransmission_triple: 815
814
814
814
814
814
814
814
814
814
814
814
814
814
814
814
814
814
814
814
814
814
814
814
814
814
814
814
814
814
814
814
814
814
814
814
814
814
814
814
814
814
814
814
814
814
814
814
814
814
814
814
814
814
814
814
814
814
814
814
814
814
814
814
814
815
816
817
818
819
820
821
822
823
824
825
825
825
triple detected (send_base, ack): 826 825
win size: 80
retransmission_triple: 826
825
825
825
825
825
825
825
825
825
825
825
825
825
825
825
825
825
825
825
825
825
825
825
825
825
825
825
825
825
825
825
825
825
825
825
825
825
825
825
825
825
825
825
825
825
825
825
825
825
825
825
825
825
825
825
825
825
825
825
825
825
825
825
825
825
825
825
826
827
828
829
830
831
832
833
834
835
835
835
835
triple detected (send_base, ack): 836 835
win size: 80
835
retransmission_triple: 836
835
835
835
835
835
835
835
835
835
835
835
835
835
835
835
835
835
835
835
835
835
835
835
835
835
835
835
835
835
835
835
835
835
835
835
835
835
835
835
835
835
835
835
835
835
835
835
835
835
835
835
835
835
835
835
835
835
835
835
835
835
835
835
835
835
835
835
836
837
838
839
840
841
842
843
while done
844
845
846
846
846
triple detected (send_base, ack): 847 846
win size: 81
846
846
846
846
846
846
846
846
846
846
846
846
846
846
846
846
846
846
846
846
846
846
846
846
846
846
846
846
846
846
846
846
846
846
846
846
846
846
846
846
846
846
846
846
846
846
846
846
846
846
846
846
846
846
846
846
846
846
846
timeout detected: 847
timeout interval: 0.5520765700588937
win size: 70
